rank player team position completions attempts percent.complete attempts.game yards average.yards yards.per.game td int first.down first.down.percent long twenty.plus forty.plus sacks rating
1   PeytonManning 	DEN 	QB 	262 	369 	71.0 	41.0 	3249 	8.8 	361.0 	33 	6 	169 	45.8 	78T 	41 	8 	13 	121.0
2 	DrewBrees 	NO 	QB 	247 	363 	68.0 	40.3 	3064 	8.4 	340.4 	25 	7 	139 	38.3 	69T 	39 	9 	21 	108.9
3 	AndyDalton 	CIN 	QB 	239 	383 	62.4 	38.3 	2861 	7.5 	286.1 	18 	13 	135 	35.2 	82T 	39 	12 	26 	86.7
4 	MatthewStafford 	DET 	QB 	229 	373 	61.4 	41.4 	2836 	7.6 	315.1 	19 	7 	134 	35.9 	87 	36 	9 	10 	94.1
5 	PhilipRivers 	SD 	QB 	232 	324 	71.6 	36.0 	2691 	8.3 	299.0 	18 	7 	142 	43.8 	56T 	37 	3 	16 	105.9
6 	TonyRomo 	DAL 	QB 	239 	370 	64.6 	37.0 	2681 	7.2 	268.1 	21 	6 	133 	35.9 	82T 	29 	6 	22 	98.3
7 	MattRyan 	ATL 	QB 	248 	368 	67.4 	40.9 	2614 	7.1 	290.4 	16 	10 	132 	35.9 	81T 	30 	7 	16 	91.0
8 	BenRoethlisberger 	PIT 	QB 	218 	338 	64.5 	37.6 	2534 	7.5 	281.6 	13 	10 	117 	34.6 	55T 	39 	5 	35 	87.6
9 	RobertGriffinIII 	WAS 	QB 	205 	337 	60.8 	37.4 	2450 	7.3 	272.2 	12 	9 	125 	37.1 	45T 	24 	2 	18 	83.8
10 	JoeFlacco 	BAL 	QB 	204 	346 	59.0 	38.4 	2307 	6.7 	256.3 	12 	11 	106 	30.6 	74 	31 	10 	30 	77.3
11 	EliManning 	NYG 	QB 	183 	329 	55.6 	36.6 	2307 	7.0 	256.3 	11 	16 	108 	32.8 	70T 	33 	5 	22 	68.5
12 	TomBrady 	NE 	QB 	194 	340 	57.1 	37.8 	2256 	6.6 	250.7 	13 	6 	110 	32.4 	81T 	27 	5 	26 	82.7
13 	AaronRodgers 	GB 	QB 	168 	251 	66.9 	31.4 	2218 	8.8 	277.2 	15 	4 	94 	37.5 	83T 	30 	6 	18 	108.0
14 	RyanTannehill 	MIA 	QB 	202 	331 	61.0 	36.8 	2206 	6.7 	245.1 	13 	10 	111 	33.5 	67 	23 	7 	37 	81.2
15 	AndrewLuck 	IND 	QB 	183 	311 	58.8 	34.6 	2198 	7.1 	244.2 	14 	6 	105 	33.8 	73T 	29 	6 	22 	87.5
16 	CarsonPalmer 	ARI 	QB 	194 	316 	61.4 	35.1 	2154 	6.8 	239.3 	12 	15 	107 	33.9 	75T 	19 	4 	24 	74.5
17 	RussellWilson 	SEA 	QB 	163 	257 	63.4 	25.7 	2132 	8.3 	213.2 	17 	6 	95 	37.0 	80T 	33 	6 	28 	101.8
18 	GenoSmith 	NYJ 	QB 	158 	272 	58.1 	30.2 	1997 	7.3 	221.9 	8 	13 	90 	33.1 	69T 	29 	6 	30 	71.0
19 	CamNewton 	CAR 	QB 	170 	271 	62.7 	30.1 	1970 	7.3 	218.9 	13 	8 	101 	37.3 	79T 	19 	3 	26 	88.3
20 	AlexSmith 	KC 	QB 	188 	315 	59.7 	35.0 	1919 	6.1 	213.2 	9 	4 	96 	30.5 	51 	25 	4 	26 	81.4
21 	JayCutler 	CHI 	QB 	167 	265 	63.0 	33.1 	1908 	7.2 	238.5 	13 	8 	93 	35.1 	58 	22 	5 	11 	88.4
22 	SamBradford 	STL 	QB 	159 	262 	60.7 	37.4 	1687 	6.4 	241.0 	14 	4 	85 	32.4 	73 	19 	3 	15 	90.9
23 	ColinKaepernick 	SF 	QB 	124 	220 	56.4 	24.4 	1675 	7.6 	186.1 	9 	6 	72 	32.7 	64T 	24 	5 	21 	83.0
24 	ChadHenne 	JAC 	QB 	146 	241 	60.6 	30.1 	1630 	6.8 	203.8 	3 	7 	74 	30.7 	59 	21 	2 	19 	72.8
25 	TerrellePryor 	OAK 	QB 	132 	224 	58.9 	28.0 	1559 	7.0 	194.9 	5 	10 	69 	30.8 	73T 	14 	4 	29 	69.0
26 	MattSchaub 	HOU 	QB 	150 	233 	64.4 	38.8 	1552 	6.7 	258.7 	8 	9 	80 	34.3 	41 	16 	1 	15 	78.8
27 	MikeGlennon 	TB 	QB 	134 	225 	59.6 	37.5 	1304 	5.8 	217.3 	9 	4 	72 	32.0 	59T 	12 	1 	15 	81.8
28 	NickFoles 	PHI 	QB 	86 	136 	63.2 	19.4 	1256 	9.2 	179.4 	16 	0 	50 	36.8 	63T 	22 	9 	10 	132.5
29 	JakeLocker 	TEN 	QB 	111 	183 	60.7 	26.1 	1256 	6.9 	179.4 	8 	4 	56 	30.6 	66T 	16 	3 	16 	86.7
30 	ChristianPonder 	MIN 	QB 	115 	179 	64.2 	29.8 	1246 	7.0 	207.7 	5 	7 	63 	35.2 	47 	18 	2 	16 	77.6
31 	MichaelVick 	PHI 	QB 	77 	141 	54.6 	23.5 	1215 	8.6 	202.5 	5 	3 	51 	36.2 	70 	25 	5 	15 	86.5
32 	BrandonWeeden 	CLE 	QB 	104 	197 	52.8 	32.8 	1152 	5.8 	192.0 	5 	6 	58 	29.4 	53 	11 	2 	21 	66.2
33 	EJManuel 	BUF 	QB 	107 	189 	56.6 	31.5 	1140 	6.0 	190.0 	6 	4 	48 	25.4 	45 	14 	2 	16 	76.2
34 	CaseKeenum 	HOU 	QB 	57 	102 	55.9 	34.0 	822 	8.1 	274.0 	7 	0 	41 	40.2 	62T 	13 	4 	9 	105.1
35 	RyanFitzpatrick 	TEN 	QB 	63 	111 	56.8 	27.8 	790 	7.1 	197.5 	4 	4 	34 	30.6 	77T 	9 	3 	7 	76.0
36 	ThadLewis 	BUF 	QB 	62 	103 	60.2 	34.3 	652 	6.3 	217.3 	3 	2 	30 	29.1 	47 	8 	2 	13 	80.2
37 	KellenClemens 	STL 	QB 	46 	86 	53.5 	21.5 	634 	7.4 	158.5 	3 	2 	28 	32.6 	81T 	8 	2 	9 	79.3
38 	BrianHoyer 	CLE 	QB 	57 	96 	59.4 	32.0 	615 	6.4 	205.0 	5 	3 	33 	34.4 	47T 	6 	1 	6 	82.6
39 	JasonCampbell 	CLE 	QB 	46 	75 	61.3 	25.0 	561 	7.5 	187.0 	5 	0 	20 	26.7 	47 	8 	2 	3 	106.6
40 	JoshMcCown 	CHI 	QB 	42 	70 	60.0 	23.3 	538 	7.7 	179.3 	4 	0 	27 	38.6 	35 	8 	0 	3 	103.2
41 	MattCassel 	MIN 	QB 	52 	75 	69.3 	25.0 	536 	7.1 	178.7 	3 	2 	23 	30.7 	70T 	7 	2 	4 	91.9
42 	BlaineGabbert 	JAC 	QB 	42 	86 	48.8 	28.7 	481 	5.6 	160.3 	1 	7 	23 	26.7 	67T 	6 	1 	12 	36.0
43 	JeffTuel 	BUF 	QB 	26 	59 	44.1 	29.5 	309 	5.2 	154.5 	1 	3 	15 	25.4 	59T 	3 	1 	2 	45.1
44 	MattBarkley 	PHI 	QB 	30 	49 	61.2 	16.3 	300 	6.1 	100.0 	0 	4 	17 	34.7 	26 	3 	0 	3 	44.6
45 	ScottTolzien 	GB 	QB 	24 	39 	61.5 	39.0 	280 	7.2 	280.0 	1 	2 	11 	28.2 	36 	5 	0 	1 	70.5
46 	JoshFreeman 	MIN 	QB 	20 	53 	37.7 	53.0 	190 	3.6 	190.0 	0 	1 	10 	18.9 	22 	2 	0 	1 	40.6
47 	SenecaWallace 	GB 	QB 	16 	24 	66.7 	12.0 	139 	5.8 	69.5 	0 	1 	7 	29.2 	17 	0 	0 	4 	64.4
48 	TarvarisJackson 	SEA 	QB 	7 	8 	87.5 	8.0 	129 	16.1 	129.0 	1 	0 	6 	75.0 	35T 	3 	0 	0 	158.3
49 	T.J.Yates 	HOU 	QB 	15 	22 	68.2 	7.3 	113 	5.1 	37.7 	0 	2 	7 	31.8 	20 	1 	0 	2 	42.4
