community asking bedrooms sqft
PA  640  5   6.0
PA  140  2   5.5
PA  405  2   7.5
PA  389  3   7.0
PA  359  3   5.7
PA  349  2   6.3
PA  388  3   5.0
PA  599  3  10.0
PA  475  3   7.4
PA  589  3  10.0
PA  580  3  15.4
PA  475  3   6.0
PA  428  3   6.6
MP  379  4   7.0
MP  310  2   6.0
MP  435  4   6.6
MP  389  3   7.2
MP  419  4   4.0
MP  499  4   6.0
MP  395  3   7.2
MP  435  2   6.0
MP  615  4   6.0
MP  425  4   7.5
MP  419  3  10.0
MP  625  4   9.6
MP  445  4   6.1
LA  499  4  13.3
LA  589  4  13.6
LA  569  3  11.0
LA  550  3  10.0
LA  825  4  10.0
LA  660  3  17.0
LA  735  5  10.0
LA  299  3  10.0
LA  499  3  17.6
