SUBJNO TIMEDRS PHYHEAL MENHEAL STRESS _OBSTAT_
1 1 5 8 265 "01101    0    0    0"
2 3 4 6 415 "01101    0    0    0"
3 0 3 4 92 "01101    0    0    0"
4 13 2 2 241 "01101    0    0    0"
5 15 3 6 86 "01101    0    0    0"
6 3 5 5 247 "01101    0    0    0"
7 2 5 6 13 "01101    0    0    0"
8 0 4 5 12 "01101    0    0    0"
9 7 5 4 269 "01101    0    0    0"
10 4 3 9 391 "01101    0    0    0"
11 15 6 3 237 "01101    0    0    0"
12 0 3 5 13 "01101    0    0    0"
13 2 3 10 84 "01101    0    0    0"
14 13 6 9 144 "01101    0    0    0"
15 2 3 2 135 "01101    0    0    0"
16 2 3 4 291 "01101    0    0    0"
21 1 3 1 98 "01101    0    0    0"
22 2 7 8 233 "01101    0    0    0"
23 5 4 6 147 "01101    0    0    0"
24 5 7 13 308 "01101    0    0    0"
25 3 4 12 122 "01101    0    0    0"
26 4 2 3 307 "01101    0    0    0"
27 2 3 4 248 "01101    0    0    0"
28 0 5 14 122 "01101    0    0    0"
29 13 7 10 384 "01101    0    0    0"
30 7 8 11 433 "01101    0    0    0"
31 2 6 9 260 "01101    0    0    0"
32 12 9 12 313 "01101    0    0    0"
33 2 3 8 400 "01101    0    0    0"
34 5 7 9 328 "01101    0    0    0"
35 4 8 4 266 "01101    0    0    0"
36 6 8 14 422 "01101    0    0    0"
37 2 6 16 101 "01101    0    0    0"
38 3 4 11 168 "01101    0    0    0"
39 14 9 12 402 "01101    0    0    0"
40 7 8 10 302 "01101    0    0    0"
45 0 6 0 83 "01101    0    0    0"
46 1 2 7 244 "01101    0    0    0"
47 3 3 6 171 "01101    0    0    0"
48 60 7 6 271 "01101    0    0    0"
49 5 2 0 53 "01101    0    0    0"
50 3 5 4 59 "01101    0    0    0"
51 0 7 6 85 "01101    0    0    0"
52 3 5 10 64 "01101    0    0    0"
53 2 2 0 338 "01101    0    0    0"
54 1 2 4 134 "01101    0    0    0"
55 1 2 1 70 "01101    0    0    0"
56 13 8 12 320 "01101    0    0    0"
57 2 2 1 91 "01101    0    0    0"
65 5 8 6 270 "01101    0    0    0"
66 12 7 12 136 "01101    0    0    0"
67 12 10 18 142 "01101    0    0    0"
68 1 2 4 259 "01101    0    0    0"
69 20 3 6 174 "01101    0    0    0"
70 0 2 3 13 "01101    0    0    0"
71 5 5 3 390 "01101    0    0    0"
72 0 3 3 242 "01101    0    0    0"
73 8 6 3 103 "01101    0    0    0"
74 9 5 5 338 "01101    0    0    0"
75 10 9 8 436 "01101    0    0    0"
76 1 4 3 120 "01101    0    0    0"
77 5 4 7 361 "01101    0    0    0"
78 5 4 4 293 "01101    0    0    0"
79 23 12 4 237 "01101    0    0    0"
80 7 8 15 244 "01101    0    0    0"
81 1 2 4 181 "01101    0    0    0"
82 39 4 7 265 "01101    0    0    0"
83 2 2 1 38 "01101    0    0    0"
84 7 5 5 157 "01101    0    0    0"
85 9 4 10 197 "01101    0    0    0"
86 0 6 11 159 "01101    0    0    0"
87 4 5 5 75 "01101    0    0    0"
88 16 10 5 207 "01101    0    0    0"
89 0 4 4 83 "01101    0    0    0"
90 16 3 11 222 "01101    0    0    0"
91 33 4 6 200 "01101    0    0    0"
95 4 6 11 251 "01101    0    0    0"
97 2 3 6 218 "01101    0    0    0"
98 38 12 11 237 "01101    0    0    0"
99 8 4 7 139 "01101    0    0    0"
101 2 8 12 464 "01101    0    0    0"
102 2 3 5 128 "01101    0    0    0"
103 0 2 1 0 "01101    0    0    0"
104 15 8 8 334 "01101    0    0    0"
105 0 3 0 55 "01101    0    0    0"
106 1 2 2 169 "01101    0    0    0"
107 5 5 9 77 "01101    0    0    0"
108 7 4 3 112 "01101    0    0    0"
109 10 6 3 164 "01101    0    0    0"
110 22 7 8 172 "01101    0    0    0"
111 10 4 7 271 "01101    0    0    0"
112 0 3 2 69 "01101    0    0    0"
113 11 3 2 106 "01101    0    0    0"
114 9 3 1 214 "01101    0    0    0"
115 0 2 1 10 "01101    0    0    0"
116 34 10 15 321 "01101    0    0    0"
117 3 3 4 172 "01101    0    0    0"
118 1 2 8 320 "01101    0    0    0"
119 0 4 0 26 "01101    0    0    0"
120 10 8 11 194 "01101    0    0    0"
121 4 2 1 122 "01101    0    0    0"
122 27 6 13 565 "01101    0    0    0"
123 7 8 18 433 "01101    0    0    0"
124 1 3 2 314 "01101    0    0    0"
125 7 6 4 129 "01101    0    0    0"
126 3 5 10 209 "01101    0    0    0"
127 2 4 10 417 "01101    0    0    0"
128 11 6 13 427 "01101    0    0    0"
129 9 5 5 179 "01101    0    0    0"
130 11 8 15 174 "01101    0    0    0"
131 11 5 12 361 "01101    0    0    0"
132 8 6 5 107 "01101    0    0    0"
133 2 7 18 338 "01101    0    0    0"
134 4 4 8 197 "01101    0    0    0"
135 4 5 1 44 "01101    0    0    0"
136 6 5 6 345 "01101    0    0    0"
137 30 11 9 238 "01101    0    0    0"
138 7 6 11 225 "01101    0    0    0"
139 15 9 8 531 "01101    0    0    0"
140 6 11 12 206 "01101    0    0    0"
141 7 7 6 68 "01101    0    0    0"
142 2 5 3 12 "01101    0    0    0"
143 1 2 2 155 "01101    0    0    0"
144 5 5 8 220 "01101    0    0    0"
145 1 3 16 377 "01101    0    0    0"
146 11 7 1 241 "01101    0    0    0"
148 16 8 7 165 "01101    0    0    0"
149 2 2 1 356 "01101    0    0    0"
150 14 6 5 81 "01101    0    0    0"
151 8 5 9 81 "01101    0    0    0"
152 17 8 15 169 "01101    0    0    0"
153 1 2 6 168 "01101    0    0    0"
154 0 2 2 72 "01101    0    0    0"
155 1 2 0 105 "01101    0    0    0"
156 1 3 2 41 "01101    0    0    0"
157 10 7 16 334 "01101    0    0    0"
158 7 6 13 282 "01101    0    0    0"
159 2 3 0 93 "01101    0    0    0"
160 5 4 5 227 "01101    0    0    0"
166 6 4 12 310 "01101    0    0    0"
167 1 3 1 265 "01101    0    0    0"
183 16 9 12 272 "01101    0    0    0"
184 0 6 5 207 "01101    0    0    0"
185 17 11 17 534 "01101    0    0    0"
187 0 4 1 169 "01101    0    0    0"
190 10 3 8 577 "01101    0    0    0"
192 6 8 2 236 "01101    0    0    0"
202 20 7 5 62 "01101    0    0    0"
203 1 3 3 64 "01101    0    0    0"
204 25 4 6 160 "01101    0    0    0"
205 3 5 3 130 "01101    0    0    0"
206 6 3 0 270 "01101    0    0    0"
208 0 2 0 50 "01101    0    0    0"
210 8 5 10 149 "01101    0    0    0"
212 9 9 4 312 "01101    0    0    0"
213 19 7 10 303 "01101    0    0    0"
214 2 2 0 133 "01101    0    0    0"
225 2 3 7 278 "01101    0    0    0"
226 3 2 0 441 "01101    0    0    0"
227 7 4 5 253 "01101    0    0    0"
228 2 4 16 256 "01101    0    0    0"
229 8 6 5 127 "01101    0    0    0"
230 49 10 9 113 "01101    0    0    0"
231 2 3 7 221 "01101    0    0    0"
232 1 2 6 279 "01101    0    0    0"
233 5 6 7 189 "01101    0    0    0"
234 5 3 13 282 "01101    0    0    0"
235 60 6 11 529 "01101    0    0    0"
236 10 4 2 236 "01101    0    0    0"
237 27 3 8 392 "01101    0    0    0"
238 7 6 8 216 "01101    0    0    0"
239 8 5 8 13 "01101    0    0    0"
240 12 5 0 245 "01101    0    0    0"
241 2 3 1 194 "01101    0    0    0"
242 2 3 3 74 "01101    0    0    0"
243 4 4 2 306 "01101    0    0    0"
244 6 7 9 235 "01101    0    0    0"
245 27 12 12 304 "01101    0    0    0"
246 0 2 5 352 "01101    0    0    0"
247 9 10 8 98 "01101    0    0    0"
248 3 2 5 75 "01101    0    0    0"
249 0 4 4 128 "01101    0    0    0"
250 2 3 4 171 "01101    0    0    0"
251 3 3 4 82 "01101    0    0    0"
252 5 4 1 268 "01101    0    0    0"
253 5 6 9 100 "01101    0    0    0"
254 1 4 6 271 "01101    0    0    0"
255 7 6 4 112 "01101    0    0    0"
258 4 6 5 301 "01101    0    0    0"
259 3 5 4 174 "01101    0    0    0"
260 7 6 7 336 "01101    0    0    0"
261 1 2 6 63 "01101    0    0    0"
262 52 6 6 225 "01101    0    0    0"
263 6 6 6 421 "01101    0    0    0"
264 18 8 7 597 "01101    0    0    0"
265 14 5 2 13 "01101    0    0    0"
266 0 3 6 71 "01101    0    0    0"
267 8 8 17 88 "01101    0    0    0"
268 16 5 1 20 "01101    0    0    0"
269 2 4 3 94 "01101    0    0    0"
270 12 6 5 174 "01101    0    0    0"
271 3 6 1 214 "01101    0    0    0"
272 24 8 8 147 "01101    0    0    0"
273 0 3 2 80 "01101    0    0    0"
274 0 4 1 69 "01101    0    0    0"
276 57 11 4 268 "01101    0    0    0"
277 11 8 13 138 "01101    0    0    0"
278 1 4 6 196 "01101    0    0    0"
279 18 9 10 546 "01101    0    0    0"
280 1 2 1 112 "01101    0    0    0"
289 11 4 7 265 "01101    0    0    0"
290 0 4 2 254 "01101    0    0    0"
291 52 6 2 156 "01101    0    0    0"
292 12 7 8 257 "01101    0    0    0"
293 6 5 6 170 "01101    0    0    0"
294 0 2 7 160 "01101    0    0    0"
295 2 3 2 426 "01101    0    0    0"
299 2 5 12 159 "01101    0    0    0"
300 13 5 13 104 "01101    0    0    0"
301 2 3 0 59 "01101    0    0    0"
302 3 5 1 63 "01101    0    0    0"
303 2 5 3 185 "01101    0    0    0"
304 2 6 10 211 "01101    0    0    0"
305 1 8 11 358 "01101    0    0    0"
306 2 2 0 69 "01101    0    0    0"
307 3 5 1 488 "01101    0    0    0"
308 1 3 4 89 "01101    0    0    0"
309 5 4 6 330 "01101    0    0    0"
310 6 6 9 67 "01101    0    0    0"
311 1 4 3 76 "01101    0    0    0"
312 2 3 3 391 "01101    0    0    0"
313 3 4 1 202 "01101    0    0    0"
314 7 6 13 126 "01101    0    0    0"
315 7 6 5 82 "01101    0    0    0"
316 0 2 1 164 "01101    0    0    0"
317 7 5 13 81 "01101    0    0    0"
318 8 9 1 143 "01101    0    0    0"
319 9 7 4 204 "01101    0    0    0"
320 8 2 5 97 "01101    0    0    0"
321 1 3 7 152 "01101    0    0    0"
322 14 7 13 160 "01101    0    0    0"
323 2 4 4 79 "01101    0    0    0"
324 4 3 6 102 "01101    0    0    0"
325 8 3 11 520 "01101    0    0    0"
326 3 4 5 88 "01101    0    0    0"
327 10 5 9 162 "01101    0    0    0"
328 21 9 16 191 "01101    0    0    0"
329 6 6 7 380 "01101    0    0    0"
330 58 5 6 328 "01101    0    0    0"
335 12 9 7 215 "01101    0    0    0"
336 5 3 4 183 "01101    0    0    0"
337 2 3 4 444 "01101    0    0    0"
338 2 6 11 122 "01101    0    0    0"
339 4 7 10 197 "01101    0    0    0"
340 2 4 4 153 "01101    0    0    0"
341 5 6 9 178 "01101    0    0    0"
342 0 2 0 0 "01101    0    0    0"
343 3 2 5 177 "01101    0    0    0"
344 7 5 3 371 "01101    0    0    0"
345 1 6 10 308 "01101    0    0    0"
346 2 2 5 33 "01101    0    0    0"
347 1 3 7 278 "01101    0    0    0"
348 4 3 7 356 "01101    0    0    0"
349 4 5 4 191 "01101    0    0    0"
355 4 2 6 234 "01101    0    0    0"
357 2 3 6 101 "01101    0    0    0"
358 0 3 10 186 "01101    0    0    0"
359 13 5 3 275 "01101    0    0    0"
361 3 7 9 139 "01101    0    0    0"
362 1 3 7 37 "01101    0    0    0"
363 4 5 8 364 "01101    0    0    0"
365 1 3 0 25 "01101    0    0    0"
367 3 4 3 226 "01101    0    0    0"
369 1 4 6 180 "01101    0    0    0"
370 57 6 13 85 "01101    0    0    0"
372 1 2 4 49 "01101    0    0    0"
374 17 15 10 258 "01101    0    0    0"
378 11 8 5 99 "01101    0    0    0"
379 43 4 9 567 "01101    0    0    0"
380 6 7 1 13 "01101    0    0    0"
381 6 6 5 282 "01101    0    0    0"
382 1 3 1 171 "01101    0    0    0"
383 0 3 6 114 "01101    0    0    0"
384 10 11 7 266 "01101    0    0    0"
385 3 6 1 159 "01101    0    0    0"
386 37 4 14 263 "01101    0    0    0"
387 6 3 1 236 "01101    0    0    0"
392 11 6 2 129 "01101    0    0    0"
397 4 3 0 98 "01101    0    0    0"
398 75 9 12 244 "01101    0    0    0"
399 7 6 12 547 "01101    0    0    0"
400 3 6 15 347 "01101    0    0    0"
401 3 6 13 309 "01101    0    0    0"
402 3 5 9 264 "01101    0    0    0"
403 4 4 5 66 "01101    0    0    0"
404 5 5 7 330 "01101    0    0    0"
405 2 5 0 90 "01101    0    0    0"
406 4 6 3 462 "01101    0    0    0"
407 2 2 4 77 "01101    0    0    0"
413 11 7 15 432 "01101    0    0    0"
414 0 3 8 212 "01101    0    0    0"
417 2 7 6 228 "01101    0    0    0"
418 4 4 2 326 "01101    0    0    0"
420 6 8 10 594 "01101    0    0    0"
421 0 5 4 87 "01101    0    0    0"
424 2 4 5 440 "01101    0    0    0"
425 5 7 7 77 "01101    0    0    0"
434 2 5 8 63 "01101    0    0    0"
435 10 7 12 389 "01101    0    0    0"
436 29 9 14 333 "01101    0    0    0"
437 3 7 9 99 "01101    0    0    0"
438 0 3 7 241 "01101    0    0    0"
439 21 3 8 476 "01101    0    0    0"
440 0 3 6 41 "01101    0    0    0"
441 3 3 4 17 "01101    0    0    0"
442 1 3 6 122 "01101    0    0    0"
443 9 4 3 337 "01101    0    0    0"
444 3 4 10 188 "01101    0    0    0"
445 3 3 3 228 "01101    0    0    0"
446 5 11 7 263 "01101    0    0    0"
447 6 4 2 139 "01101    0    0    0"
448 4 5 4 208 "01101    0    0    0"
451 16 5 5 101 "01101    0    0    0"
452 3 5 2 278 "01101    0    0    0"
453 13 8 8 331 "01101    0    0    0"
454 3 3 5 151 "01101    0    0    0"
455 2 4 4 135 "01101    0    0    0"
456 2 4 1 0 "01101    0    0    0"
457 3 5 1 208 "01101    0    0    0"
458 7 3 2 181 "01101    0    0    0"
459 2 3 0 104 "01101    0    0    0"
460 2 3 1 76 "01101    0    0    0"
461 2 2 0 211 "01101    0    0    0"
462 2 3 3 39 "01101    0    0    0"
463 5 5 1 150 "01101    0    0    0"
464 3 4 3 210 "01101    0    0    0"
465 2 3 0 15 "01101    0    0    0"
466 4 6 4 131 "01101    0    0    0"
467 1 2 0 0 "01101    0    0    0"
469 3 3 0 205 "01101    0    0    0"
472 6 4 2 163 "01101    0    0    0"
473 4 5 2 201 "01101    0    0    0"
474 30 6 1 224 "01101    0    0    0"
476 0 2 0 69 "01101    0    0    0"
479 25 2 2 62 "01101    0    0    0"
480 0 5 1 62 "01101    0    0    0"
481 5 3 3 204 "01101    0    0    0"
482 3 4 5 162 "01101    0    0    0"
483 2 2 5 221 "01101    0    0    0"
484 2 2 2 221 "01101    0    0    0"
485 9 12 6 348 "01101    0    0    0"
486 2 3 0 341 "01101    0    0    0"
487 13 3 3 336 "01101    0    0    0"
488 1 3 6 343 "01101    0    0    0"
489 4 6 6 177 "01101    0    0    0"
490 4 3 8 274 "01101    0    0    0"
491 3 4 4 290 "01101    0    0    0"
492 7 10 2 174 "01101    0    0    0"
493 7 5 5 111 "01101    0    0    0"
494 14 3 2 246 "01101    0    0    0"
495 4 4 7 181 "01101    0    0    0"
496 15 6 10 336 "01101    0    0    0"
497 37 7 5 55 "01101    0    0    0"
498 2 4 8 178 "01101    0    0    0"
499 4 3 6 98 "01101    0    0    0"
500 6 5 12 85 "01101    0    0    0"
501 10 5 1 66 "01101    0    0    0"
502 56 8 2 316 "01101    0    0    0"
503 3 4 4 139 "01101    0    0    0"
504 0 2 2 28 "01101    0    0    0"
505 18 10 15 421 "01101    0    0    0"
506 3 4 5 237 "01101    0    0    0"
507 18 14 16 494 "01101    0    0    0"
508 7 4 8 66 "01101    0    0    0"
509 29 9 3 93 "01101    0    0    0"
510 0 2 7 90 "01101    0    0    0"
511 5 6 8 227 "01101    0    0    0"
512 4 5 6 273 "01101    0    0    0"
513 3 5 11 171 "01101    0    0    0"
514 6 6 8 76 "01101    0    0    0"
515 21 13 12 404 "01101    0    0    0"
516 1 2 5 12 "01101    0    0    0"
517 3 2 8 380 "01101    0    0    0"
518 3 3 3 101 "01101    0    0    0"
519 0 2 2 68 "01101    0    0    0"
520 13 7 12 282 "01101    0    0    0"
521 5 3 5 0 "01101    0    0    0"
522 5 4 5 277 "01101    0    0    0"
523 37 9 15 392 "01101    0    0    0"
524 2 4 1 49 "01101    0    0    0"
525 11 13 16 372 "01101    0    0    0"
526 13 6 12 482 "01101    0    0    0"
527 2 2 1 81 "01101    0    0    0"
528 4 5 5 76 "01101    0    0    0"
529 21 7 11 329 "01101    0    0    0"
530 2 4 6 12 "01101    0    0    0"
533 4 4 10 158 "01101    0    0    0"
534 3 4 5 15 "01101    0    0    0"
535 3 8 5 105 "01101    0    0    0"
536 12 5 7 266 "01101    0    0    0"
538 1 2 2 0 "01101    0    0    0"
539 4 3 2 396 "01101    0    0    0"
540 13 9 7 920 "01101    0    0    0"
547 2 3 4 153 "01101    0    0    0"
548 81 5 7 731 "01101    0    0    0"
549 12 4 3 364 "01101    0    0    0"
550 2 2 3 33 "01101    0    0    0"
551 16 6 8 386 "01101    0    0    0"
552 27 9 6 79 "01101    0    0    0"
553 2 6 10 320 "01101    0    0    0"
554 2 4 1 178 "01101    0    0    0"
555 8 6 5 108 "01101    0    0    0"
556 2 3 1 157 "01101    0    0    0"
557 4 4 6 12 "01101    0    0    0"
558 3 3 3 25 "01101    0    0    0"
559 19 6 6 104 "01101    0    0    0"
560 4 3 3 91 "01101    0    0    0"
567 1 2 4 291 "01101    0    0    0"
568 3 2 8 85 "01101    0    0    0"
569 15 7 4 25 "01101    0    0    0"
570 4 5 6 130 "01101    0    0    0"
571 4 3 3 147 "01101    0    0    0"
572 13 10 12 155 "01101    0    0    0"
573 6 3 4 108 "01101    0    0    0"
574 1 5 9 523 "01101    0    0    0"
575 3 7 8 53 "01101    0    0    0"
576 3 5 6 306 "01101    0    0    0"
577 0 5 6 171 "01101    0    0    0"
578 22 7 5 158 "01101    0    0    0"
579 4 3 3 25 "01101    0    0    0"
580 14 6 4 398 "01101    0    0    0"
581 6 6 13 252 "01101    0    0    0"
582 16 5 14 538 "01101    0    0    0"
583 6 5 7 124 "01101    0    0    0"
584 0 3 7 75 "01101    0    0    0"
585 8 5 15 237 "01101    0    0    0"
586 0 3 4 118 "01101    0    0    0"
587 4 5 7 302 "01101    0    0    0"
588 5 8 10 170 "01101    0    0    0"
589 2 2 1 171 "01101    0    0    0"
590 6 4 7 73 "01101    0    0    0"
591 11 4 10 176 "01101    0    0    0"
592 1 4 3 176 "01101    0    0    0"
593 23 8 11 643 "01101    0    0    0"
683 4 4 12 179 "01101    0    0    0"
685 4 6 2 0 "01101    0    0    0"
686 16 8 14 132 "01101    0    0    0"
687 6 4 3 159 "01101    0    0    0"
688 1 2 4 110 "01101    0    0    0"
689 2 3 6 75 "01101    0    0    0"
690 6 9 10 272 "01101    0    0    0"
691 6 6 5 152 "01101    0    0    0"
706 3 4 12 119 "01101    0    0    0"
707 1 2 0 52 "01101    0    0    0"
708 15 6 12 252 "01101    0    0    0"
709 3 4 9 234 "01101    0    0    0"
710 7 7 4 214 "01101    0    0    0"
711 9 4 1 183 "01101    0    0    0"
717 18 6 10 166 "01101    0    0    0"
724 14 8 9 331 "01101    0    0    0"
754 3 3 6 73 "01101    0    0    0"
755 4 4 0 66 "01101    0    0    0"
756 15 9 6 142 "01101    0    0    0"
757 4 6 4 87 "01101    0    0    0"
758 3 5 2 149 "01101    0    0    0"
