innersurfaceofpinebark 0 22 23 24 26 27 26 23 24 23 23 18 23 21 28 24 22
brick 22 0 27 27 27 29 29 28 16 18 28 25 24 10 29 28 27
cardboard 23 27 0 18 19 28 23 24 24 29 27 28 21 26 28 24 23
cork 24 27 18 0 15 28 25 26 28 28 20 27 10 26 28 28 29
rubbereraser 26 27 19 15 0 28 20 27 24 27 24 25 19 24 29 24 28
felt 27 29 28 28 28 0 24 28 29 26 26 29 28 29 4 28 29
leatherwallet 26 29 23 25 20 24 0 22 28 28 27 26 25 29 24 21 20
rigidplasticsheet 23 28 24 26 27 28 22 0 27 29 29 27 25 25 29 12 13
veryfinesandpaper 24 16 24 28 24 29 28 27 0 21 24 26 25 12 29 29 27
nylonscouringpad 23 18 29 28 27 26 28 29 21 0 22 16 25 24 27 29 28
cellulosekitchensponge 23 28 27 20 24 26 27 29 24 22 0 19 21 26 27 29 27
wovenstraw 18 25 28 27 25 29 26 27 26 16 19 0 26 26 28 27 25
blockofstyrofoam 23 24 21 10 19 28 25 25 25 25 21 26 0 25 29 26 29
unglazedceramictile 21 10 26 26 24 29 29 25 12 24 26 26 25 0 29 28 26
velvet 28 29 28 28 29 4 24 29 29 27 27 28 29 29 0 27 26
waxpaper 24 28 24 28 24 28 21 12 29 29 29 27 26 28 27 0 12
glossypaintedwood 22 27 23 29 28 29 20 13 27 28 27 25 29 26 26 12 0
