    180000      40243     130189  TAMPALMS
    245100      46550     166277  TAMPALMS
     85400        100      68030  TAMPALMS
     87900        100      65405  TAMPALMS
     84200        100      68555  TAMPALMS
     85000        100      64880  TAMPALMS
     81000        100      67505  TAMPALMS
    125000      30000      70861  TAMPALMS
    124000      30000      78981  TAMPALMS
    126000      30000      72523  TAMPALMS
    128500      30000      74203  TAMPALMS
    127500      30000      72681  TAMPALMS
    128200      30000      75175  TAMPALMS
    107000      30000      54166  TAMPALMS
    125000      30000      72864  TAMPALMS
    116000      30000      60887  TAMPALMS
    122500      30000      72066  TAMPALMS
    118900      30000      62344  TAMPALMS
    120000      30000      76118  TAMPALMS
    188000      42679     105186  TAMPALMS
    183000      55923     102498  TAMPALMS
    195500      40429     120880  TAMPALMS
    193000      43534     118861  TAMPALMS
    192000      40320     111299  TAMPALMS
    256900      47344     188804  TAMPALMS
    270000      49417     206061  TAMPALMS
    230000      46909     169586  TAMPALMS
    332500      51082     208766  TAMPALMS
    310000      51759     197092  TAMPALMS
    230500      51680     170800  TAMPALMS
    257000      55000     173806  TAMPALMS
    300000      42500     211376  TAMPALMS
    275000      45475     196117  TAMPALMS
    365000      61320     257188  TAMPALMS
    258000      45011     186727  TAMPALMS
    279000      55474     208373  TAMPALMS
    340000      70099     216645  TAMPALMS
    335000      68630     255948  TAMPALMS
    297000      68760     197782  TAMPALMS
    166000      44522      96221  TAMPALMS
    187000      47607     103698  TAMPALMS
    163400      47776     100339  TAMPALMS
     59000      62750     119522  TAMPALMS
    221000      48380     122483  TAMPALMS
    290000      84535     185505  TAMPALMS
    260000      55772     179315  TAMPALMS
    445000      95020     253554  TAMPALMS
    406000      75136     226997  TAMPALMS
    185000      31707     104608  TAMPALMS
    176000      33755      83105  TAMPALMS
    171100      41270      94260  TAMPALMS
    182000      38400     114850  TAMPALMS
    166500      40400      87530  TAMPALMS
    295000      82715     223457  TAMPALMS
    369000      82715     215965  TAMPALMS
    350000      90000     199489  TAMPALMS
    365000      96906     218757  TAMPALMS
    390000     101856     218161  TAMPALMS
    365000     117200     231374  TAMPALMS
    440300     109860     243125  TAMPALMS
    100300      43192      82457  TAMPALMS
    220000      45536     180077  TAMPALMS
    187000      47990     102358  TAMPALMS
    214000      40422     128860  TAMPALMS
    185000      53523     118309  TAMPALMS
    182500      40851     116892  TAMPALMS
    165000      43501     100883  TAMPALMS
    167000      37056     102884  TAMPALMS
    160000      36454      91252  TAMPALMS
    130900      30720      81136  TAMPALMS
    160000      30720      95011  TAMPALMS
    142800      38496      89833  TAMPALMS
    560000     140307     475279  TAMPALMS
    715000     104442     468081  TAMPALMS
    176000      48000      92142  TAMPALMS
    178000      48000     116849  TAMPALMS
    156500      48000      77187  TAMPALMS
    153000      60000      89202  TAMPALMS
    528000      82987     344263  TAMPALMS
    475000      72080     311059  TAMPALMS
    427000      71400     271437  TAMPALMS
    957500     258790     670606  TAMPALMS
    260000      47361     144744  TAMPALMS
    262000      56355     150741  TAMPALMS
    154000      50193     109512  TAMPALMS
    260000      53268     169733  TAMPALMS
    215000      47801     131255  TAMPALMS
    244000      50023     145839  TAMPALMS
    219000      47181     129669  TAMPALMS
    132000      24675      72197  TAMPALMS
    156900      33600     103508  TAMPALMS
    263000      47218     136486  TAMPALMS
     89000      17500      50781  TNC     
     83000      20048      43493  TNC     
     94500      21750      55020  TNC     
     96900      16975      58974  TNC     
     99000      17500      65318  TNC     
     99900      17500      60258  TNC     
     91000      21340      54102  TNC     
    107900      23018      61466  TNC     
     94900      17325      48854  TNC     
     79900      16800      38904  TNC     
     88500      21120      50312  TNC     
     86500      16800      54659  TNC     
     80000      20889      53513  TNC     
     81000      16800      54193  TNC     
     99900      21340      60944  TNC     
     80100      21245      42334  TNC     
     82500      14053      47377  TNC     
     75900      15480      45630  TNC     
     84000      14000      45255  TNC     
     81400      17250      49465  TNC     
     83900      13110      49719  TNC     
     89900      15343      52107  TNC     
     75000      13800      45255  TNC     
     72500      14715      44531  TNC     
    106500      22313      60611  TNC     
    110000      23175      71531  TNC     
    115000      23433      70271  TNC     
    123900      35168      75817  TNC     
    163000      27116     107739  TNC     
    149000      27286      95333  TNC     
    195000      25588     140755  TNC     
    180000      28215     123099  TNC     
    182000      28640     128151  TNC     
    177300      29404     110070  TNC     
    184000      33484     134921  TNC     
    171000      28215     110093  TNC     
     85000      16533      59670  TNC     
     94500      13860      55488  TNC     
    102500      17934      63857  TNC     
    115500      18320      68534  TNC     
     95000      13160      67425  TNC     
    105800      15040      64678  TNC     
     78200      14791      52703  TNC     
     88500      15150      51054  TNC     
     90000      14420      52936  TNC     
     65500       5866      37220  TNC     
     92000       7821      51585  TNC     
    130000      17676      55751  TNC     
     58000       7821      25051  TNC     
     89900      12333      52075  TNC     
    155000      27415      85828  TNC     
     83000      22499      51007  TNC     
     81600      17320      45229  TNC     
     94900      17320      51007  TNC     
     82500      13517      44006  TNC     
     70000      14623      37058  TNC     
     89500      14924      47414  TNC     
     85000      16868      49871  TNC     
     96900      16214      51007  TNC     
     78900      19508      54149  TNC     
     92500      24002      54051  TNC     
     74000      17685      43521  TNC     
     85000      19235      52007  TNC     
     89900      21947      51700  TNC     
     65000        100      47222  TNC     
     61900        100      40460  TNC     
     53700        100      40460  TNC     
     60000        100      40940  TNC     
     57500        100      42407  TNC     
     64000        100      48134  TNC     
     59900        100      43807  TNC     
     53000        100      43696  TNC     
     67500      16951      31807  TNC     
     69000      19369      41263  TNC     
     70000      13869      44125  TNC     
     80000      14283      46550  TNC     
     97000      15905      62194  TNC     
    115500      23000      71269  TNC     
    134000      23000      81459  TNC     
    132000      23000      79485  TNC     
    129900      23000      78818  TNC     
    134000      32985      85821  TNC     
     62200      26400      85895  TNC     
    120500      20972      60456  TNC     
    114400      28237      45907  TNC     
    125000      19550      63784  TNC     
    113300      29808      56252  TNC     
    142900      29808      76908  TNC     
    165000      31752      88645  TNC     
    130000      26994      60093  TNC     
     85000      29960      59362  TNC     
    133300      36050      79009  TNC     
     79000      18032      42301  TNC     
     83000      17955      38752  TNC     
     65000       9993      40628  TNC     
     64500       9993      32240  TNC     
     71000      10458      31661  TNC     
     70000      10710      38078  TNC     
     53500       9993      31661  TNC     
     57000       9993      32965  TNC     
     94500      21504      47790  TNC     
    104000      22453      60633  TNC     
    125000      25200      71408  TNC     
    110000      21773      62271  TNC     
    100000      21504      63127  TNC     
    103900      22109      62733  TNC     
     98000      21504      48882  TNC     
    103900      19354      64460  TNC     
     37500      23951      58405  TNC     
     97000      25760      59816  TNC     
    119000      28000      69721  TNC     
    113000      25225      57522  TNC     
    124900      23800      63586  TNC     
     98000      20790      63296  TNC     
     96000      22814      52440  TNC     
     82500      20793      45937  TNC     
     98000      17111      59023  TNC     
    102000      21185      61797  TNC     
    103000      24640      54038  TNC     
    103700      19284      59067  TNC     
    127000      21773      80203  TNC     
     68000      18469      50240  TNC     
     82500      20642      38094  TNC     
     99900      20188      55708  TNC     
    102500      23962      65180  TNC     
     98000      23962      54066  TNC     
     92000      19681      50434  TNC     
     83000      18469      58188  TNC     
     81900      17926      41796  TNC     
     68000      18010      30373  TNC     
     81000      22176      55666  TNC     
     84900      18850      48288  TNC     
    104000      18850      54084  TNC     
     93000      18850      58739  TNC     
    102000      25623      70080  TNC     
     70500      19085      38806  TNC     
     76900      18816      39598  TNC     
     80500      18278      39063  TNC     
     85000      18010      30339  TNC     
     85000      22290      44490  TNC     
     89000      18278      42889  TNC     
     82500      17472      41300  TNC     
     72000      23117      31759  TNC     
     87000      27955      60129  TNC     
    100500      19589      61511  TNC     
     72000      15000      40782  TNC     
     54000      15000      39533  TNC     
     63000      15000      40039  TNC     
     60500      15000      39533  TNC     
     55000      15000      49483  TNC     
     47000      15000      30379  TNC     
     68000      15000      41966  TNC     
     70000      15000      45757  TNC     
     69900      15000      40782  TNC     
     49500      15000      33899  TNC     
     55000      15000      32297  TNC     
     66900      15000      40713  TNC     
     18000      15000      28986  TNC     
     55000      15000      29019  TNC     
     36200      15000      29053  TNC     
     64300      15000      40355  TNC     
     71000      15000      40123  TNC     
     69900      15000      40123  TNC     
     57000      15000      33447  TNC     
     56000      15000      29385  TNC     
     74000      15000      40123  TNC     
     66000      15000      41358  TNC     
     38800      15000      29453  TNC     
     61000      15000      40974  TNC     
     71900      15000      41017  TNC     
     63800      15000      36140  TNC     
     44000      15000      37664  TNC     
     64000      11130      39731  TNC     
    105000      11130      50713  TNC     
     85500      17325      62424  TNC     
     53000      12600      18087  TNC     
    105000      42294      68437  TNC     
     44000      15000      34902  TNC     
     56900      15000      34761  TNC     
     55000      15000      32296  TNC     
     50000      15000      40519  TNC     
     70000      15000      35104  TNC     
     52000      15000      33192  TNC     
     95000      15000      49100  TNC     
     49900      15000      31881  TNC     
     78200      15000      45589  TNC     
     44900      15000      38528  TNC     
     75000      15000      51086  TNC     
     76000      15000      54336  TNC     
     81900      15000      50391  TNC     
     54900      15000      35060  TNC     
     71000      15000      44431  TNC     
     71400      15000      46062  TNC     
     67400      15000      39390  TNC     
     56600      15000      46306  TNC     
     84900      15000      51358  TNC     
     66400      15000      40230  TNC     
     86000      15000      57400  TNC     
     88500      15000      63808  TNC     
     57900      15000      33899  TNC     
     46000      15000      38611  TNC     
     45000      15000      24463  TNC     
     65500      15000      37738  TNC     
     81000      15000      50572  TNC     
     68000      15000      41783  TNC     
     64000      15000      37143  TNC     
     67000      15000      37013  TNC     
     75900      15000      38348  TNC     
     71000      15000      36927  TNC     
     79200      15000      52794  TNC     
     64500      15000      38143  TNC     
     78500      15000      44433  TNC     
     70000      15000      55324  TNC     
     65000      15000      45940  TNC     
     81000      15000      46325  TNC     
     31800      15000      43661  TNC     
     85000      15000      45288  TNC     
     47900      15000      34306  TNC     
     55600      15000      39688  TNC     
     73900      15000      43044  TNC     
     73000      15000      46096  TNC     
     68000      15000      44137  TNC     
     74900      15000      48623  TNC     
     83500      15000      53441  TNC     
     75000      15000      40256  TNC     
     69000      15000      42747  TNC     
     55500      15000      38982  TNC     
     54000      15000      38867  TNC     
     81500      15000      49338  TNC     
     76500      15000      47247  TNC     
     75000      15000      47066  TNC     
     63500      15000      47094  TNC     
     55500      15000      35325  TNC     
     79000      15000      46462  TNC     
     74500      15000      40723  TNC     
     74000      15000      59810  TNC     
     77500      15000      40925  TNC     
     58500      15000      40925  TNC     
     69900      15000      38279  TNC     
     78000      15000      53284  TNC     
     67000      15000      43691  TNC     
     68000      15000      39275  TNC     
     58400      15000      43481  TNC     
     79900      15000      56192  TNC     
     71900      15000      44674  TNC     
     71900      15000      53048  TNC     
     80800      15000      43495  TNC     
     83500      15000      58869  TNC     
     82500      15000      50097  TNC     
     83500      15000      60345  TNC     
     82000      15000      56444  TNC     
     83500      15000      54232  TNC     
     86900      15000      56007  TNC     
     85000      15000      59533  TNC     
     76400      15000      43481  TNC     
     66000      15000      43574  TNC     
     83000      16350      52426  TNC     
     66500      10488      32626  TNC     
     66500      10488      33268  TNC     
     83500      10488      55663  TNC     
     45700      11058      33513  TNC     
     16500      12859      24195  TNC     
    119000      18900      85841  TNC     
    142200      20250      76690  TNC     
    141000      21825      86938  TNC     
    151900      23438      94315  TNC     
    165000      20139     117104  TNC     
    105000      18304      78011  TNC     
    142500      18938      88539  TNC     
    148000      20400      87431  TNC     
    134000      21643      77887  TNC     
    135000      21600      88379  TNC     
    132900      19200      80176  TNC     
    139900      18000      86319  TNC     
    140000      18188      89192  TNC     
    120000      18188      70817  TNC     
    115500      19550      70817  TNC     
    100500      32634      44053  TNC     
     94000      33084      45343  TNC     
    116000      31050      49371  TNC     
     66500      16848      28353  TNC     
     52000      21499      59952  TNC     
     27000      18630      31324  TNC     
     36200      15356      14100  TNC     
     30000      14175      21343  TNC     
     63000      14715      51841  TNC     
     71900      14715      38085  TNC     
     77000      14715      36868  TNC     
     95000      29430      34277  TNC     
    111500      14715      71053  TNC     
     76500        100      65840  TNC     
     77000        100      65840  TNC     
     26900        100      65840  TNC     
     75000        100      65290  TNC     
     73000        100      65840  TNC     
     77900        100      65290  TNC     
     78900        100      65840  TNC     
     75000        100      65290  TNC     
     71000        100      65290  TNC     
     74900        100      65290  TNC     
     72500        100      65840  TNC     
     78500        100      65290  TNC     
     76000        100      65290  TNC     
     70000        100      64790  TNC     
     75500        100      64790  TNC     
     73800        100      65340  TNC     
     65000      22907      62243  TNC     
     75000       9800      61602  TNC     
      5500      10012      18909  TNC     
     99900      21560      37472  TNC     
     51500       6650      27615  TNC     
     40000      26600      21484  TNC     
     94000      23100      15890  TNC     
     70500       6720      40476  TNC     
     54000       6440      20449  TNC     
     39000      16100      14049  TNC     
     60000      18330      33633  TNC     
     80000      17940      38195  TNC     
     48000      20304      34324  TNC     
     81900      19740      40484  TNC     
     81500      18720      42438  TNC     
     78400      22334      46048  TNC     
     69000      18711      36721  TNC     
     80700      18330      39697  TNC     
     55000      18894      39903  TNC     
     15700      18330      37758  TNC     
     74500      17766      37736  TNC     
     83000      18330      41730  TNC     
     76500      24480      51034  TNC     
     68100      25317      54983  TNC     
     66000      25317      60636  TNC     
     78200      20160      45367  TNC     
     62000      25572      41720  TNC     
     72000      27645      43081  TNC     
    115000      26481      59268  TNC     
     84000      19740      57167  TNC     
     89000      24444      48641  TNC     
     85000      23280      46592  TNC     
     88000      23760      44461  TNC     
     89900      25398      53923  TNC     
    129900      24024      61467  TNC     
     60000      26136      49527  TNC     
    122200      23040      56846  TNC     
    110000      25029      55974  TNC     
     94000      28665      54276  TNC     
     93000      21888      53824  TNC     
     89000      23571      56234  TNC     
     92000      21714      56196  TNC     
    100000      22560      56082  TNC     
     79900      16100      35893  TNC     
     75500      16100      38624  TNC     
     87000      18837      49113  TNC     
     70000      16100      40147  TNC     
    147500      80080      40813  DAVISLE 
    188000     100492      56397  DAVISLE 
    148000     104530      49129  DAVISLE 
    880000     421346     195092  DAVISLE 
    298000     108525     108546  DAVISLE 
    856300     112770     294427  DAVISLE 
    200000      82095      53520  DAVISLE 
    207000      63050      53935  DAVISLE 
    192900      83062      40655  DAVISLE 
    275000      73216      66102  DAVISLE 
    249900      94282      64247  DAVISLE 
    250000     106046      65605  DAVISLE 
    930000     352385     375543  DAVISLE 
    750000     438677      69612  DAVISLE 
    145000      66542      50833  DAVISLE 
    147500      73458      41209  DAVISLE 
    157000      85610      76270  DAVISLE 
    170000      82824      54966  DAVISLE 
    110000      73332      51919  DAVISLE 
    110000        100      67414  DAVISLE 
    115000        100      67573  DAVISLE 
    142500        100      88000  DAVISLE 
    137000        100      88000  DAVISLE 
    142000      86520      50579  DAVISLE 
    281000     104475      74786  DAVISLE 
    165000      57400      45946  DAVISLE 
    340000      96180     128233  DAVISLE 
    238800     103165      74986  DAVISLE 
    346800     110880     110657  DAVISLE 
    400000      93962     136443  DAVISLE 
    740000     226793     221743  DAVISLE 
    335000      78349     195519  DAVISLE 
    270000      64862     152000  DAVISLE 
    315000     161253      69482  DAVISLE 
    188000      68880      65519  DAVISLE 
    125000      57411      57604  DAVISLE 
   1800000     466725     377023  DAVISLE 
   2437700     758331     547926  DAVISLE 
    605000     145750     188657  DAVISLE 
    227000     100800      60467  DAVISLE 
    165000      84672      49119  DAVISLE 
     65800     144354      78232  DAVISLE 
    265000     110250      88684  DAVISLE 
    449000     192610      77983  DAVISLE 
    454000     377300      82902  DAVISLE 
    880000     407484     229209  DAVISLE 
    592500     216867     168998  DAVISLE 
    150000      97020      57841  DAVISLE 
    215000     143114      23485  DAVISLE 
    320000     156056      72764  DAVISLE 
    485000     174763     160061  DAVISLE 
    229900     111586      50434  DAVISLE 
    340000     161278      55254  DAVISLE 
    130000     142027      54655  DAVISLE 
    137000      83655      42421  DAVISLE 
    156000      76723      43797  DAVISLE 
    148200      62400      48788  DAVISLE 
    145000      62400      44821  DAVISLE 
    137000      72100      39752  DAVISLE 
    160000      69300      55113  DAVISLE 
    145000      88452      43858  DAVISLE 
    165000      98784      47325  DAVISLE 
    192000      77910      49212  DAVISLE 
     89000        100      55428  DAVISLE 
    194000        100     159744  DAVISLE 
    205000        100     174580  DAVISLE 
    230000      74750      39608  DAVISLE 
    269000      76245      65349  DAVISLE 
    256000      58006     108773  DAVISLE 
   2550000     490764     567349  DAVISLE 
    140000        100      97700  DAVISLE 
    214900      84504      57763  DAVISLE 
    155000      80178      46269  DAVISLE 
    176500      75537      51037  DAVISLE 
    206000      80122      60253  DAVISLE 
    153000      69300      49796  DAVISLE 
    165000     107590      52799  DAVISLE 
    161000      85932      56593  DAVISLE 
    204000      83437      62527  DAVISLE 
    240000      81480      75734  DAVISLE 
    192000      83328      61099  DAVISLE 
    247000      84840      50508  DAVISLE 
    350000     138000      91883  DAVISLE 
   1300000     270000     160461  DAVISLE 
    515000     144228     249381  DAVISLE 
    805000     176126     513038  DAVISLE 
    715000     173250     365427  DAVISLE 
    447500     103950     261637  DAVISLE 
    395000      95040     239659  DAVISLE 
    390000      95040     247263  DAVISLE 
    447500     103950     233060  DAVISLE 
    635000     211200     255362  DAVISLE 
    165000      44073      83486  CWDVILL 
    140000      24564      66975  CWDVILL 
    256000      45893     125444  CWDVILL 
    114900        100      84282  CWDVILL 
    125000        100     112941  CWDVILL 
    109000        100     112941  CWDVILL 
    225000      48177     112912  CWDVILL 
    252500      47170     128268  CWDVILL 
    205000      37868     117726  CWDVILL 
    217900      42207     101272  CWDVILL 
    183000      35343     105652  CWDVILL 
    185900      41695     117930  CWDVILL 
    111000      13346      77661  CWDVILL 
    130000      19904      78000  CWDVILL 
    123600      13979      70531  CWDVILL 
     96000      16335      53082  CWDVILL 
    100000      15513      58527  CWDVILL 
    101500      20163      60921  CWDVILL 
     89500      15522      61794  CWDVILL 
     95000      15522      55497  CWDVILL 
     97000      15510      59242  CWDVILL 
     95000      15584      65350  CWDVILL 
     99500      15510      62365  CWDVILL 
    150000      21762      85934  CWDVILL 
    162000      31663      96469  CWDVILL 
    153700      25143      94380  CWDVILL 
    134900      23891      80453  CWDVILL 
    128000      22250      85023  CWDVILL 
    142000      24800      93401  CWDVILL 
    156000      22194     112354  CWDVILL 
    140000      26632     110873  CWDVILL 
    166000      22194     104593  CWDVILL 
    185900      32589     114277  CWDVILL 
    189900      33200     129557  CWDVILL 
    193000      34996     118295  CWDVILL 
    157500      39800     101490  CWDVILL 
    183000      33494     116196  CWDVILL 
    185000      25800     119266  CWDVILL 
    161500      32270     137129  CWDVILL 
    208000      45780     120939  CWDVILL 
    148000      31310     100362  CWDVILL 
    190000      30542     124712  CWDVILL 
    175000      42396     112895  CWDVILL 
    185000      29604     127691  CWDVILL 
    193500      31303     118934  CWDVILL 
    174900      30030      92548  CWDVILL 
    193000      30316     119693  CWDVILL 
    176000      39339     121079  CWDVILL 
    182500      30030      99509  CWDVILL 
    154000      30030      83107  CWDVILL 
    164900      27027     108204  CWDVILL 
    190000      27027     109107  CWDVILL 
    160000      29059     108844  CWDVILL 
    165000      26264      80589  CWDVILL 
    158000      27620      78946  CWDVILL 
    180000      26695      79786  CWDVILL 
    127000      26695      65616  CWDVILL 
    130000      28634     103666  CWDVILL 
    140500      28634     101351  CWDVILL 
    141000      28917      88315  CWDVILL 
    151500      36666      94867  CWDVILL 
    113000      18333      96446  CWDVILL 
    195000      36375     109756  CWDVILL 
    189000      39600     110656  CWDVILL 
    197500      39600     112244  CWDVILL 
    179900      37144     104643  CWDVILL 
    190000      48442     105282  CWDVILL 
     86000        100      68195  CWDVILL 
     85000        100      58144  CWDVILL 
     73500        100      58388  CWDVILL 
     65000        100      54788  CWDVILL 
     83300        100      66943  CWDVILL 
     98500      16800      58387  CWDVILL 
     73000      17675      40376  CWDVILL 
    187000      45255     161498  CWDVILL 
    238000      45255     136256  CWDVILL 
    353000      63504     279491  CWDVILL 
    226000      55858     144082  CWDVILL 
    217000      49706     120976  CWDVILL 
    149900      30119      95834  CWDVILL 
    141000      31126      97674  CWDVILL 
    125000      25006      80263  CWDVILL 
    145100      24592      91488  CWDVILL 
    130000      24095      85538  CWDVILL 
    149900      24429      92057  CWDVILL 
    123500      25433      86546  CWDVILL 
    135000      23786      80431  CWDVILL 
    140000      25634      93159  CWDVILL 
    285000      55765     180339  CWDVILL 
    320000      58275     209343  CWDVILL 
    407000      67725     258252  CWDVILL 
    215000      46809     134414  CWDVILL 
    238000      40905     140815  CWDVILL 
    235100      38380     151767  CWDVILL 
    130500      28342      73972  CWDVILL 
    145500      24153      80451  CWDVILL 
     66000        100      56650  CWDVILL 
     67300        100      58050  CWDVILL 
     34300        100      58050  CWDVILL 
     66900        100      57240  CWDVILL 
     68000        100      56650  CWDVILL 
     71000        100      56650  CWDVILL 
     93000        100      75800  CWDVILL 
     95900        100      76885  CWDVILL 
     95500        100      76885  CWDVILL 
     85000        100      74400  CWDVILL 
     94000        100      73088  CWDVILL 
     96300        100      74889  CWDVILL 
     91000        100      73485  CWDVILL 
     85600        100      73485  CWDVILL 
    100000        100      73485  CWDVILL 
     91000        100      73485  CWDVILL 
     90500        100      73485  CWDVILL 
     84900        100      73485  CWDVILL 
     93500        100      71000  CWDVILL 
    192000      61687      91382  CWDVILL 
    237900      46826     168232  CWDVILL 
    189900      58991     102324  CWDVILL 
    175900      46069      89191  CWDVILL 
    159000      37466      93723  CWDVILL 
    162500      38862      91898  CWDVILL 
    285000      59579     137491  CWDVILL 
    175000      45117     110058  CWDVILL 
    180000      46586     113881  CWDVILL 
    225000      36792     121888  CWDVILL 
    312000      83000     135212  CWDVILL 
    354000      83475     267213  CWDVILL 
    232000      41586     122926  CWDVILL 
    217000      44179     133254  CWDVILL 
    118900      16368      78980  CWDVILL 
    123900      18352      71004  CWDVILL 
    185500      29019     109105  CWDVILL 
    173000      29606     117439  CWDVILL 
    135000      32482      86016  CWDVILL 
    175000      28019      95900  CWDVILL 
    186000      34220     100061  CWDVILL 
    307500      80236     163448  CWDVILL 
    163000      41920      71276  CWDVILL 
